Pi =

   1   3   2   2
   0   3   3   2
   0   3   2   2
   0   3   2   2
   0   3   3   3
   0   3   2   2
   0   3   3   4
   0   3   2   2
   0   3   2   3
   0   3   2   2
   0   3   3   2
   0   2   2   2
Cliff Walk :  Q-learning
            epsilon = 0.7  alpha = 0.1
            nIter = 5000