Pi =

   1   1   1   3
   0   1   3   3
   0   1   3   3
   0   1   1   3
   0   1   1   3
   0   1   3   3
   0   1   3   3
   0   1   1   3
   0   1   1   3
   0   3   3   3
   0   3   3   3
   0   2   2   2
Cliff Walk :  Sarsa epsilon-greedy Algorithm
            epsilon = 0.6   alpha = 0.1
            nIter = 5000