Pi =

   1   3   1   1   1   3
   1   3   1   1   3   3
   1   3   1   1   1   3
   1   1   1   1   1   3
   4   4   4   3   3   3
   3   3   1   0   2   2
   3   1   1   4   2   2
   1   1   4   4   1   4
Gridworld : epsilon-greedy MC algorithm
          epsilon = 0.65   nIter = 1000