Pi =

   3   2   2   3   1   3
   3   2   2   3   2   3
   3   3   2   2   1   3
   3   3   2   2   1   3
   3   2   2   3   3   3
   3   3   1   0   2   2
   3   3   1   4   2   3
   1   1   1   4   4   2
 
GridWorld :  Sarsa on-policy algorithm
          epsilon = 0.7
          alpha = 0.25
          nIter = 8000